2.921457602173063
2.931376253694109
2.717555114810981
2.6023291746419566
2.479802800484182
2.4109993654377457
2.3499573156464386
2.288923409759945
2.235552897918619
2.1873905995965752
2.1468533955200932
2.109361312169525
2.0666857162755625
2.0243947969127576
1.9935478307140013
1.9571565931784647
1.9406071993102958
1.908474681627142
1.8861456282350135
1.8554616574208014
1.8313009884065032
1.809895817787389
1.7918549646942767
1.7737523341883263
1.745860257742121
1.7262902110414837
1.7076064220153548
1.6929530090483151
1.6721041975217732
1.6528715241030059
1.6376006592568695
1.6228627699661597
1.619258628856314
1.5987136084369602
1.5855477666257212
1.5694633363716926
1.565296144280566
1.5492657178090743
1.5444301421768236
1.5329485482260279
1.5239717449689403
1.519965816312532
1.5109574639487715
1.50639668702012
1.5082266924630987
1.5110448117008568
1.5080621108052554
1.5105014528775706
1.5048050229423475
1.5002497976233944
