2.2438971702417803
1.82543464880395
1.7263233032002545
1.6228588607220575
1.5237178625676455
1.420418326568689
1.333756137715991
1.2859210585416592
1.2461918008679669
1.212908925386871
1.1878227447438903
1.1574312300690606
1.1276775448046952
1.1034359466634698
1.0744414288974171
1.0475091056409647
1.0333067808390304
1.0113303127732785
0.9936056203253054
0.9726746125528614
0.9502507213940018
0.9270032612521838
0.9079019235732199
0.8928895907521568
0.8764109158206435
0.8598455068461043
0.8455837398047092
0.82536350874999
0.8153400282403029
0.7894149480275843
0.778739163223504
0.77254004705774
0.7585005956295888
0.7500554392032572
0.7326158382258675
0.7156047451250662
0.7130844065304195
0.7005369227009366
0.6974494579709206
0.6920780914909838
0.6805008575653753
0.6772750855932944
0.6749715177790865
0.6674971510335176
0.6630643435963158
0.6696882804750649
0.6645439630282598
0.6613114429512724
0.6572514026956892
0.6626124276630347
