2.243085282254272
2.082426250220945
1.9681562190887911
1.8266956661904952
1.6939682703156866
1.5653998239187652
1.457440526814149
1.3957091834572883
1.341453210679996
1.3105905092285484
1.2707261029587544
1.2406810911617432
1.193968598129713
1.1765841855038035
1.1521897806903563
1.1292449061424474
1.0958478227191026
1.0800889938029201
1.0510435980563733
1.0322647025356788
1.0095404855566785
0.9906745220575358
0.9716445251885758
0.9512133127146783
0.9350121113319106
0.919703395161761
0.8965579085885784
0.8749261531802086
0.8602353544937466
0.8468098225290475
0.8327510145058457
0.8181307104782217
0.799078046448442
0.7911047267935163
0.776348753389548
0.7673684038695419
0.7534649568203847
0.7480525668700465
0.7379757063454992
0.7282601249143281
0.7184816211488702
0.7135943425961019
0.7086627299804824
0.7095345073548832
0.7036071860480757
0.7090575154754021
0.6996387705113488
0.697840367803215
0.6961747440196834
0.6975975636936451
